8	6	35.094
9	6	28.9105
10	6	15.6987
11	6	10.6503
12	6	0
13	6	3.12501
14	6	3.01989
15	6	9.8731
16	6	13.694
17	6	21.039
18	6	24.93
19	6	32.42
20	6	37.56
10	7	38.8
11	7	24.3
12	7	17.3381
13	7	5.3455
14	7	2.86342
15	7	0.10144
16	7	5.684
17	7	7.871
18	7	13.114
19	7	15.862
20	7	21.77
21	7	25.25
22	7	32.04
12	8	32.048
13	8	23.112
14	8	8.00736
15	8	2.8556
16	8	-4.737
17	8	-0.80881
18	8	-0.7815
19	8	3.335
20	8	3.7975
21	8	8.063
22	8	9.28
23	8	14.61
24	8	19.07
15	9	16.78
16	9	10.68
17	9	1.9517
18	9	0.8737
19	9	-1.48739
20	9	-0.0174
21	9	-0.0476
22	9	2.793
23	9	3.33
24	9	7.56
25	9	11.27
26	9	18.27
27	9	24.9
16	10	23.996
17	10	16.46
18	10	5.3172
19	10	1.7514
20	10	-7.04193
21	10	-5.73178
22	10	-8.02472
23	10	-5.15405
24	10	-5.9515
25	10	-2.11
26	10	0.43
27	10	7.07
28	10	11.24
29	10	18.1
30	10	23.1
18	11	24.19
19	11	12.927
20	11	6.848
21	11	-2.1842
22	11	-5.1824
23	11	-9.52985
24	11	-8.41811
25	11	-9.3578
26	11	-6.862
27	11	-5.517
28	11	-0.989
29	11	2.665
30	11	8.361
31	11	12.65
32	11	19.1
33	11	24.9
19	12	33.04
20	12	17.57
21	12	10.911
22	12	-0.397
23	12	-5.4738
24	12	-13.93357
25	12	-13.19283
26	12	-16.21458
27	12	-14.58665
28	12	-15.0186
29	12	-10.619
30	12	-8.911
31	12	-3.217
32	12	-0.955
33	12	4.894
34	12	8.81
23	13	6.77
24	13	-0.057
25	13	-8.9162
26	13	-12.21031
27	13	-17.19666
28	13	-16.85044
29	13	-18.2153
30	13	-15.872
31	13	-14.954
32	13	-11.06
33	13	-8.53
34	13	-2.93
35	13	-0.13
36	13	5.78
37	13	9.9
38	13	16.1
39	13	21.4
24	14	10.755
25	14	3.824
26	14	-7.145
27	14	-12.3843
28	14	-21.4928
29	14	-21.89505
30	14	-24.43293
31	14	-22.94901
32	14	-24.08091
33	14	-20.493
34	14	-19.957
35	14	-14.36
36	14	-12.48
37	14	-6.58
38	14	-4.07
39	14	1.9
40	14	5.5
41	14	13.6
27	15	-0.72
28	15	-7.159
29	15	-16.9526
30	15	-20.2006
31	15	-24.44088
32	15	-24.30522
33	15	-26.3375
34	15	-24.558
35	15	-24.8577
36	15	-20.251
37	15	-18.99
38	15	-14.76
39	15	-12.87
40	15	-8.11
41	15	-5.28
42	15	0.9
43	15	5.8
28	16	4.07
29	16	-3.16
30	16	-14.063
31	16	-19.0446
32	16	-26.0157
33	16	-26.58599
34	16	-29.93179
35	16	-28.84636
36	16	-30.66408
37	16	-26.89636
38	16	-26.861
39	16	-23.16
40	16	-22.87
41	16	-19.02
42	16	-17.68
43	16	-11.97
44	16	-9.1
45	16	-3.3
31	17	-7.07
32	17	-13.33
33	17	-21.0034
34	17	-24.43978
35	17	-29.01354
36	17	-29.52186
37	17	-31.76153
38	17	-29.7981
39	17	-29.8002
40	17	-27.56
41	17	-27.31
42	17	-24.91
43	17	-24.17
44	17	-20.23
45	17	-18.36
46	17	-14.7
32	18	-2.2002
33	18	-9.3841
34	18	-18.3772
35	18	-23.0474
36	18	-30.23154
37	18	-30.94766
38	18	-34.7146
39	18	-33.242
40	18	-35.0399
41	18	-33.0675
42	18	-34.423
43	18	-32.01
44	18	-32.6731
45	18	-29.7706
46	18	-29.72
47	18	-25.91
35	19	-11.169
36	19	-17.426
37	19	-24.8002
38	19	-28.8007
39	19	-33.80701
40	19	-33.53521
41	19	-35.55907
42	19	-35.02156
43	19	-36.593
44	19	-35.81
45	19	-36.608
46	19	-35.418
47	19	-35.696
48	19	-32.124
49	19	-30.32
50	19	-25.4
36	20	-6.44
37	20	-13.162
38	20	-22.059
39	20	-27.2744
40	20	-34.84628
41	20	-35.13776
42	20	-38.54707
43	20	-38.4086
44	20	-41.4685
45	20	-40.8119
46	20	-43.1351
47	20	-42.3401
48	20	-44.214
49	20	-41.289
50	20	-39.571
51	20	-35.86
52	20	-32.5
39	21	-14.168
40	21	-20.523
41	21	-28.64239
42	21	-32.1212
43	21	-36.1879
44	21	-37.8161
45	21	-41.0678
46	21	-41.7571
47	21	-44.3321
48	21	-44.496
49	21	-46.552
50	21	-44.537
51	21	-43.218
52	21	-40.36
54	21	-34.2
55	21	-29.6
40	22	-8.85
42	22	-25.122
43	22	-29.321
44	22	-37.5485
45	22	-39.0057
46	22	-44.1234
47	22	-44.9324
48	22	-48.4877
49	22	-48.5588
50	22	-51.4267
51	22	-49.7278
52	22	-49.465
53	22	-46.83
54	22	-45.59
55	22	-41.67
56	22	-38.94
57	22	-33.5
44	23	-24.12
45	23	-31.88
46	23	-37.073
47	23	-42.0021
48	23	-44.475
49	23	-47.9569
50	23	-49.2216
51	23	-52.2014
52	23	-51.4413
53	23	-51.849
54	23	-49.891
55	23	-49.15
56	23	-46.08
57	23	-44.19
58	23	-40.21
59	23	-37.1
60	23	-32.6
45	24	-19
46	24	-29.474
47	24	-34.558
48	24	-42.819
49	24	-45.3305
50	24	-50.2595
51	24	-51.4488
52	24	-55.4169
53	24	-55.2847
54	24	-56.9325
55	24	-55.1075
56	24	-55.2812
57	24	-52.5241
58	24	-51.83
59	24	-47.89
60	24	-46.5
61	24	-42.18
62	24	-40.4
48	25	-29.32
49	25	-37.616
50	25	-42.6268
51	25	-48.2413
52	25	-50.7054
53	25	-54.6879
54	25	-55.5554
55	25	-57.7106
56	25	-56.9097
57	25	-57.4868
58	25	-55.91
59	25	-55.48
60	25	-53.18
61	25	-51.56
62	25	-48.04
63	25	-46.4
64	25	-42.6
65	25	-40.7
50	26	-34.48
51	26	-40.222
52	26	-48.332
53	26	-50.9453
54	26	-56.2525
55	26	-57.4794
56	26	-60.6054
57	26	-60.1801
58	26	-62.1534
59	26	-60.6631
60	26	-61.412
61	26	-58.921
62	26	-58.901
63	26	-55.55
64	26	-54.8
65	26	-50.88
66	26	-49.6
67	26	-45.7
68	26	-43.1
53	27	-42.645
54	27	-48.0095
55	27	-54.0276
56	27	-56.0394
57	27	-59.3442
58	27	-59.8459
59	27	-62.2284
60	27	-61.649
61	27	-62.8984
62	27	-61.432
63	27	-61.84
64	27	-59.793
65	27	-59.17
66	27	-56.11
67	27	-55.1
68	27	-51.4
69	27	-50
70	27	-45.6
71	27	-43.9
54	28	-39.21
55	28	-45.336
56	28	-53.904
57	28	-56.082
58	28	-60.2277
59	28	-61.1557
60	28	-64.4721
61	28	-64.2209
62	28	-66.7461
63	28	-65.5126
64	28	-67.0993
65	28	-65.1261
66	28	-66.0063
67	28	-63.743
68	28	-63.464
69	28	-59.979
70	28	-59.1
71	28	-55.2
72	28	-53.9
57	29	-47.31
58	29	-51.6621
59	29	-56.3572
60	29	-58.3441
61	29	-61.9836
62	29	-62.798
63	29	-65.5795
64	29	-65.4242
65	29	-67.2637
66	29	-66.2583
67	29	-67.3188
68	29	-65.567
69	29	-65.7362
70	29	-62.9761
71	29	-62.7111
72	29	-59.783
73	29	-58.987
74	29	-56.006
75	29	-54.1
76	29	-50.976
58	30	-42.3
59	30	-47.26
60	30	-54.188
61	30	-56.345
62	30	-61.171
63	30	-62.213
64	30	-66.0036
65	30	-65.9116
66	30	-68.8994
67	30	-67.8804
68	30	-70.0072
69	30	-68.418
70	30	-69.5646
71	30	-67.327
72	30	-68.131
73	30	-65.41
74	30	-65.71
75	30	-62.47
76	30	-62.14
77	30	-58.72
78	30	-57.34
80	30	-51.84
61	31	-47.09
62	31	-52
63	31	-56.5471
64	31	-58.8343
65	31	-62.6572
66	31	-63.724
67	31	-66.8797
68	31	-67.0861
69	31	-69.3278
70	31	-68.9101
71	31	-70.1402
72	31	-68.5894
73	31	-69.6993
74	31	-68.05
75	31	-68.4646
76	31	-66.2966
77	31	-65.9923
78	31	-63.7066
79	31	-62.51
80	31	-59.14
81	31	-57.98
64	32	-54.35
65	32	-56.41
66	32	-61.62
67	32	-62.658
68	32	-66.98
69	32	-67.1006
70	32	-70.5631
71	32	-69.9077
72	32	-72.5859
73	32	-71.2975
74	32	-73.4224
75	32	-71.8564
76	32	-73.213
77	32	-71.214
78	32	-71.862
79	32	-69.49
80	32	-69.52
81	32	-66.3
82	32	-65.62
66	33	-51.5
67	33	-56.65
68	33	-58.9
69	33	-63.09
70	33	-64.34
71	33	-67.894
72	33	-68.23
73	33	-70.957
74	33	-70.86
75	33	-73.0324
76	33	-72.2895
77	33	-73.9166
78	33	-72.817
79	33	-73.637
80	33	-72.159
81	33	-72.533
82	33	-70.32
83	33	-69.88
68	34	-54.21
69	34	-56.3
70	34	-62.05
71	34	-63.12
72	34	-67.894
73	34	-68.218
74	34	-72.2127
75	34	-72.169
76	34	-75.2521
77	34	-74.5996
78	34	-77.0261
79	34	-75.9176
80	34	-77.7599
81	34	-76.3895
82	34	-77.594
83	34	-75.341
84	34	-75.952
85	34	-72.43
86	34	-70.541
87	34	-66.58
88	34	-63.88
71	35	-57.1
72	35	-59.02
73	35	-63.63
74	35	-65.306
75	35	-69.139
76	35	-70.289
77	35	-73.235
78	35	-73.452
79	35	-76.0685
80	35	-75.8895
81	35	-77.9748
82	35	-77.4965
83	35	-79.009
84	35	-77.799
85	35	-78.61
86	35	-75.64
87	35	-73.857
88	35	-70.73
89	35	-68.57
90	35	-64.62
91	35	-61.51
92	35	-56.58
71	36	-46.9
72	36	-53.941
73	36	-56.552
74	36	-62.3315
75	36	-64.324
76	36	-69.014
77	36	-70.1694
78	36	-74.1797
79	36	-74.443
80	36	-77.8925
81	36	-77.694
82	36	-80.5895
83	36	-79.982
84	36	-82.431
85	36	-81.4803
86	36	-83.26557
87	36	-80.7094
88	36	-79.692
89	36	-76.73
90	36	-74.97
91	36	-71.31
92	36	-68.785
93	36	-64.02
74	37	-51.917
75	37	-57.222
76	37	-60.4798
77	37	-64.825
78	37	-66.936
79	37	-70.803
80	37	-72.173
81	37	-75.455
82	37	-76.188
83	37	-79.075
84	37	-79.75
85	37	-82.16733
86	37	-82.74702
87	37	-84.5978
88	37	-82.609
89	37	-81.713
90	37	-79.362
91	37	-77.745
92	37	-74.772
93	37	-72.618
94	37	-68.553
95	37	-65.854
96	37	-61.22
97	37	-58.36
98	37	-54.22
99	37	-50.88
101	37	-43.6
75	38	-46.62
76	38	-54.24
77	38	-57.804
78	38	-63.174
79	38	-65.477
80	38	-70.308
81	38	-71.528
82	38	-76.008
83	38	-76.795
84	38	-80.644
85	38	-81.103
86	38	-84.5236
87	38	-84.8804
88	38	-87.9217
89	38	-86.2091
90	38	-85.942
91	38	-83.645
92	38	-82.868
93	38	-80.085
94	38	-78.84
95	38	-75.117
96	38	-72.94
97	38	-68.788
98	38	-66.65
99	38	-62.19
100	38	-60.22
101	38	-55.41
102	38	-53.08
79	39	-58.4
80	39	-61.22
81	39	-66.02
82	39	-68.19
83	39	-72.33
84	39	-74.16
85	39	-77.842
86	39	-79.284
87	39	-83.0187
88	39	-84.2991
89	39	-87.702
90	39	-86.487
91	39	-86.345
92	39	-84.813
93	39	-84.223
94	39	-82.348
95	39	-81.207
96	39	-78.347
97	39	-76.258
98	39	-72.467
99	39	-70.201
100	39	-67.29
101	39	-64.91
102	39	-61.89
80	40	-55.5
81	40	-58.49
83	40	-66.46
85	40	-73.15
86	40	-77.8
87	40	-79.348
88	40	-83.623
89	40	-84.869
90	40	-88.7673
91	40	-87.8904
92	40	-88.4539
93	40	-87.117
94	40	-87.2668
95	40	-85.6578
96	40	-85.443
97	40	-82.947
98	40	-81.287
99	40	-77.768
100	40	-76.6
101	40	-73.46
102	40	-71.74
103	40	-68.37
83	41	-59
85	41	-67.15
86	41	-69.83
87	41	-74.18
88	41	-76.07
89	41	-80.65
90	41	-82.656
91	41	-86.632
92	41	-86.448
93	41	-87.2083
94	41	-86.3645
95	41	-86.7819
96	41	-85.604
97	41	-85.606
98	41	-83.529
99	41	-82.327
100	41	-79.94
101	41	-78.942
102	41	-76.35
103	41	-75.32
104	41	-72.22
105	41	-70.85
86	42	-64.6
87	42	-67.69
88	42	-72.7
89	42	-75.004
90	42	-80.167
91	42	-82.204
92	42	-86.805
93	42	-86.803
94	42	-88.4097
95	42	-87.7075
96	42	-88.7905
97	42	-87.5404
98	42	-88.1117
99	42	-85.9658
100	42	-86.184
101	42	-83.511
102	42	-83.557
103	42	-80.85
104	42	-80.33
105	42	-77.34
106	42	-76.255
107	42	-72.94
90	43	-71.21
91	43	-75.98
92	43	-78.93
93	43	-83.603
94	43	-84.154
95	43	-86.017
96	43	-85.817
97	43	-87.22
98	43	-86.428
99	43	-87.3231
100	43	-86.0162
101	43	-86.336
102	43	-84.566
103	43	-84.597
104	43	-82.49
105	43	-82.29
106	43	-79.775
107	43	-79.1
108	43	-75.95
109	43	-74.54
110	43	-70.96
111	43	-69.22
112	43	-66
93	44	-77.27
94	44	-82.568
95	44	-83.45
96	44	-86.072
97	44	-86.112
98	44	-88.224
99	44	-87.617
100	44	-89.219
101	44	-87.9497
102	44	-89.098
103	44	-87.2588
104	44	-88.089
105	44	-85.928
106	44	-86.322
107	44	-83.92
108	44	-83.67
109	44	-80.85
110	44	-79.98
111	44	-76.67
112	44	-75.48
113	44	-72.2
115	44	-66.43
95	45	-78.34
96	45	-79.679
97	45	-82.59
98	45	-83.175
99	45	-85.574
100	45	-85.584
101	45	-87.408
102	45	-86.775
103	45	-88.022
104	45	-86.95
105	45	-87.846
106	45	-86.361
107	45	-86.863
108	45	-85.02
109	45	-85.011
110	45	-82.78
111	45	-82.36
112	45	-79.74
113	45	-78.68
114	45	-75.63
115	45	-74.21
116	45	-70.74
96	46	-76.23
97	46	-77.8
98	46	-81.3
99	46	-82.188
100	46	-85.226
101	46	-85.428
102	46	-87.925
103	46	-87.479
104	46	-89.39
105	46	-88.413
106	46	-89.902
107	46	-88.368
108	46	-89.524
109	46	-87.607
110	46	-88.349
111	46	-86.004
112	46	-86.336
113	46	-83.69
114	46	-83.497
115	46	-80.4
116	46	-79.96
117	46	-76.53
118	46	-75.47
120	46	-70.15
97	47	-70.8
98	47	-73.06
99	47	-76.76
100	47	-78.15
101	47	-81.22
102	47	-82.26
103	47	-84.791
104	47	-85.111
105	47	-87.068
106	47	-86.937
107	47	-88.402
108	47	-87.602
109	47	-88.723
110	47	-87.461
111	47	-88.221
112	47	-86.624
113	47	-87.033
114	47	-84.949
115	47	-84.99
116	47	-82.57
117	47	-82.27
118	47	-79.57
119	47	-78.56
120	47	-75.65
121	47	-74.66
98	48	-67.63
100	48	-74.25
101	48	-75.75
102	48	-79.68
103	48	-80.649
104	48	-83.975
105	48	-84.33
106	48	-87.132
107	48	-86.985
108	48	-89.252
109	48	-88.508
110	48	-90.353
111	48	-89.258
112	48	-90.581
113	48	-89.049
114	48	-90.021
115	48	-88.09
116	48	-88.719
117	48	-86.425
118	48	-86.709
119	48	-83.91
120	48	-83.974
121	48	-81.06
122	48	-80.73
123	48	-77.31
124	48	-76.71
125	48	-73.36
126	48	-72.33
127	48	-68.52
128	48	-67.3
130	48	-61.6
100	49	-64.17
102	49	-70.71
103	49	-74.599
104	49	-76.11
105	49	-79.481
106	49	-80.606
107	49	-83.56
108	49	-84.116
109	49	-86.489
110	49	-86.475
111	49	-88.396
112	49	-87.996
113	49	-89.37
114	49	-88.572
115	49	-89.537
116	49	-88.25
117	49	-88.945
118	49	-87.23
119	49	-87.704
120	49	-85.74
121	49	-85.84
122	49	-83.58
123	49	-83.426
124	49	-80.88
125	49	-80.48
126	49	-77.81
127	49	-76.99
128	49	-74.36
129	49	-72.94
130	49	-69.89
131	49	-68.14
132	49	-62.42
100	50	-56.8
102	50	-64.93
104	50	-71.59
105	50	-73.26
106	50	-77.43
107	50	-78.58
108	50	-82.041
109	50	-82.639
110	50	-85.844
111	50	-85.945
112	50	-88.661
113	50	-88.333
114	50	-90.561
115	50	-90.036
116	50	-91.528
117	50	-90.4
118	50	-91.656
119	50	-90.068
120	50	-91.1051
121	50	-89.2041
122	50	-89.946
123	50	-87.82
124	50	-88.2368
125	50	-85.8985
126	50	-86.02
127	50	-83.499
128	50	-83.33
129	50	-80.59
130	50	-80.139
131	50	-77.314
132	50	-76.554
133	50	-70.95
134	50	-66.8
105	51	-63.82
109	51	-76.259
111	51	-80.89
112	51	-81.601
113	51	-84.42
114	51	-84.52
115	51	-87.003
116	51	-86.821
117	51	-88.645
118	51	-87.999
119	51	-89.477
120	51	-88.424
121	51	-89.5951
122	51	-88.3302
123	51	-89.2241
124	51	-87.6203
125	51	-88.256
126	51	-86.4
127	51	-86.7
128	51	-84.609
129	51	-84.628
130	51	-82.292
131	51	-81.988
132	51	-79.674
133	51	-78.943
134	51	-74.17
135	51	-69.71
106	52	-58.21
108	52	-65.72
109	52	-67.61
110	52	-72.28
111	52	-73.48
112	52	-77.3
113	52	-78.35
114	52	-81.89
115	52	-82.06
116	52	-85.27
117	52	-85.097
118	52	-87.721
119	52	-87.184
120	52	-89.405
121	52	-88.55
122	52	-90.314
123	52	-89.1719
124	52	-90.5245
125	52	-89.0222
126	52	-90.0646
127	52	-88.2811
128	52	-88.9921
129	52	-87.0032
130	52	-87.3514
131	52	-85.2095
132	52	-85.182
133	52	-82.945
134	52	-82.559
135	52	-77.83
136	52	-74.43
137	52	-69.56
109	53	-57.61
113	53	-71.13
115	53	-76.34
116	53	-77.49
117	53	-80.43
118	53	-80.971
119	53	-83.77
120	53	-83.79
121	53	-86.287
122	53	-86.08
123	53	-87.943
124	53	-87.365
125	53	-88.8364
126	53	-87.911
127	53	-88.983
128	53	-87.738
129	53	-88.503
130	53	-86.932
131	53	-87.4444
132	53	-85.7
133	53	-85.887
134	53	-84.072
135	53	-83.79
136	53	-79.5
137	53	-76.5
138	53	-72.33
139	53	-68.84
110	54	-51.9
112	54	-59.97
113	54	-62.09
114	54	-67.086
115	54	-68.657
116	54	-73.047
117	54	-74.185
118	54	-78.079
119	54	-78.794
120	54	-82.172
121	54	-82.473
122	54	-85.355
123	54	-85.249
124	54	-87.6601
125	54	-87.1921
126	54	-89.169
127	54	-88.321
128	54	-89.86
129	54	-88.6974
130	54	-89.8817
131	54	-88.4152
132	54	-89.2805
133	54	-87.6436
134	54	-88.1245
135	54	-86.417
136	54	-86.425
137	54	-82.379
138	54	-80.15
139	54	-75.644
140	54	-72.99
141	54	-68.33
142	54	-65.48
113	55	-51.7
117	55	-66.44
118	55	-68.409
119	55	-72.305
120	55	-73.889
121	55	-77.1
122	55	-78.14
123	55	-81.044
124	55	-81.731
125	55	-84.088
126	55	-84.345
127	55	-86.24
128	55	-85.931
129	55	-87.5
130	55	-86.9
131	55	-88.06
132	55	-87.1559
133	55	-88.07096
134	55	-86.89118
135	55	-87.5819
136	55	-86.3387
137	55	-86.5456
138	55	-82.887
139	55	-80.701
140	55	-77.051
141	55	-74.477
142	55	-70.515
143	55	-67.671
144	55	-63.27
145	55	-60.057
146	55	-55.62
147	55	-52.02
148	55	-47.3
114	56	-45.95
119	56	-64.59
120	56	-68.9
121	56	-70.74
122	56	-74.61
123	56	-75.655
124	56	-79.09
125	56	-79.668
126	56	-82.67
127	56	-82.816
128	56	-85.402
129	56	-85.065
130	56	-87.262
131	56	-86.684
132	56	-88.4348
133	56	-87.5535
134	56	-88.9499
135	56	-87.8505
136	56	-88.8869
137	56	-87.7212
138	56	-88.2616
139	56	-84.9137
140	56	-83.271
141	56	-79.726
142	56	-77.823
143	56	-73.936
144	56	-71.769
145	56	-67.41
146	56	-65
148	56	-58.01
124	57	-70.26
125	57	-73.76
126	57	-74.97
127	57	-77.9
128	57	-78.63
129	57	-81.326
130	57	-81.63
131	57	-83.77
132	57	-83.74
133	57	-85.49
134	57	-85.219
135	57	-86.651
136	57	-86.04
137	57	-87.101
138	57	-86.525
139	57	-87.2314
140	57	-84.321
141	57	-82.938
142	57	-80.035
143	57	-78.187
144	57	-74.89
145	57	-72.99
146	57	-69.12
147	57	-66.85
148	57	-63.13
126	58	-70.82
127	58	-71.98
128	58	-75.53
129	58	-76.29
130	58	-79.42
131	58	-79.72
132	58	-82.474
133	58	-82.423
134	58	-84.836
135	58	-84.625
136	58	-86.468
137	58	-85.879
138	58	-87.569
139	58	-86.952
140	58	-88.0833
141	58	-85.4401
142	58	-84.538
143	58	-81.612
144	58	-80.437
145	58	-77.1
146	58	-75.68
147	58	-72.03
148	58	-70.39
149	58	-66.7
150	58	-64.82
151	58	-61.5
128	59	-66.33
129	59	-69.77
130	59	-71.18
131	59	-74.28
132	59	-75.21
133	59	-77.938
134	59	-78.51
135	59	-80.936
136	59	-81.327
137	59	-83.177
138	59	-83.132
139	59	-84.823
140	59	-84.695
141	59	-86.0209
142	59	-83.7927
143	59	-83.073
144	59	-80.756
145	59	-79.632
146	59	-76.71
147	59	-75.455
148	59	-72.53
149	59	-71.06
150	59	-68.3
151	59	-66.771
152	59	-63.81
153	59	-61.63
154	59	-58.2
130	60	-66.6
131	60	-67.77
132	60	-71.426
133	60	-72.33
134	60	-75.646
135	60	-76.214
136	60	-79.199
137	60	-79.58
138	60	-82.018
139	60	-81.99
140	60	-84.25
141	60	-84.198
142	60	-85.9552
143	60	-84.0074
144	60	-83.7532
145	60	-81.4371
146	60	-80.931
147	60	-78.1519
148	60	-77.413
149	60	-74.381
150	60	-73.69
151	60	-70.953
152	60	-70.158
153	60	-67.35
154	60	-65.69
156	60	-60.53
133	61	-65.41
134	61	-66.74
135	61	-69.98
136	61	-71.2
137	61	-74.073
138	61	-74.94
139	61	-77.496
140	61	-78.21
141	61	-80.523
142	61	-81.157
143	61	-82.966
144	61	-81.421
145	61	-81.274
146	61	-79.46
147	61	-79.0479
148	61	-76.872
149	61	-76.071
150	61	-73.603
151	61	-73.395
152	61	-71.26
153	61	-70.685
154	61	-68.5
155	61	-66.97
156	61	-64.22
157	61	-62.37
158	61	-59.09
135	62	-62.86
136	62	-66.811
137	62	-68.03
138	62	-71.498
139	62	-72.38
140	62	-75.456
141	62	-75.939
142	62	-78.993
143	62	-79.523
144	62	-81.972
145	62	-80.658
146	62	-81.002
147	62	-79.2721
148	62	-79.3422
149	62	-77.1419
150	62	-77.0573
151	62	-74.5825
152	62	-74.7688
153	62	-72.5658
154	62	-72.4616
155	62	-70.197
156	62	-69.37
157	62	-66.73
158	62	-65.21
159	62	-62.21
138	63	-61.75
139	63	-65.398
140	63	-66.99
141	63	-69.927
142	63	-71.32
143	63	-74.242
144	63	-75.622
145	63	-77.998
146	63	-77.122
147	63	-77.55
148	63	-76.302
149	63	-76.447
150	63	-74.797
151	63	-74.6591
152	63	-72.8945
153	63	-73.3735
154	63	-71.7444
155	63	-71.8245
156	63	-70.093
157	63	-69.467
158	63	-67.21
159	63	-66.053
140	64	-61.78
141	64	-63.224
142	64	-66.96
143	64	-68.23
144	64	-71.76
145	64	-72.927
146	64	-76.093
147	64	-75.363
148	64	-76.276
149	64	-75.133
150	64	-75.769
151	64	-74.195
152	64	-74.7142
153	64	-72.8898
154	64	-73.7132
155	64	-72.0771
156	64	-72.5422
157	64	-70.8307
158	64	-70.6968
159	64	-68.5685
160	64	-67.949
161	64	-65.513
162	64	-64.287
140	65	-50.5
141	65	-54.54
143	65	-60.43
144	65	-62.37
145	65	-65.88
146	65	-67.77
147	65	-70.752
148	65	-70.54
149	65	-71.496
150	65	-71.111
151	65	-71.63
152	65	-70.72
153	65	-71.32
154	65	-70.16
155	65	-71.254
156	65	-70.098
157	65	-70.7706
158	65	-69.477
159	65	-69.539
160	65	-67.843
161	65	-67.468
162	65	-65.68
163	65	-64.601
164	65	-62.08
166	65	-57.76
144	66	-56.58
145	66	-58.29
146	66	-62.55
147	66	-64.188
148	66	-67.859
149	66	-67.715
150	66	-69.317
151	66	-68.759
152	66	-70.124
153	66	-69.15
154	66	-70.398
155	66	-69.16
156	66	-70.53
157	66	-69.428
158	66	-70.412
159	66	-69.173
160	66	-69.6781
161	66	-68.0611
162	66	-68.1868
163	66	-66.3865
164	66	-65.9733
165	66	-63.6179
166	66	-62.59
167	66	-59.94
168	66	-58.56
169	66	-55.6
147	67	-55.84
148	67	-58.02
149	67	-61.688
150	67	-61.948
151	67	-63.632
152	67	-63.608
153	67	-65.019
154	67	-64.644
155	67	-66.04
156	67	-65.35
157	67	-66.829
158	67	-66.19
159	67	-67.336
160	67	-66.388
161	67	-67.203
162	67	-66.047
163	67	-66.3839
164	67	-64.987
165	67	-64.9046
166	67	-63.0769
167	67	-62.287
168	67	-60.07
169	67	-58.803
170	67	-56.24
171	67	-54.5
149	68	-53.74
150	68	-57.833
151	68	-58.266
152	68	-60.5
153	68	-60.488
154	68	-62.612
155	68	-62.215
156	68	-64.213
157	68	-63.42
158	68	-65.304
159	68	-64.567
160	68	-66.058
161	68	-65.209
162	68	-66.343
163	68	-65.174
164	68	-65.95
165	68	-64.528
166	68	-64.9316
167	68	-63.2967
168	68	-62.9967
169	68	-60.9287
170	68	-60.115
171	68	-57.725
172	68	-56.489
151	69	-50.782
152	69	-51.77
153	69	-54.015
154	69	-54.429
155	69	-56.635
156	69	-56.84
157	69	-58.71
158	69	-58.703
159	69	-60.57
160	69	-60.3
161	69	-61.9
162	69	-61.48
163	69	-62.735
164	69	-61.89
165	69	-62.936
166	69	-61.894
167	69	-62.548
168	69	-61.318
169	69	-61.28
170	69	-59.8006
171	69	-59.216
172	69	-57.38
173	69	-56.259
174	69	-53.87
175	69	-52.32
176	69	-49.37
151	70	-41.5
152	70	-46.31
154	70	-49.934
155	70	-50.503
156	70	-53.264
157	70	-53.442
158	70	-56.015
159	70	-55.843
160	70	-58.17
161	70	-57.844
162	70	-59.832
163	70	-59.304
164	70	-61.023
165	70	-60.29
166	70	-61.588
167	70	-60.594
168	70	-61.575
169	70	-60.37
170	70	-60.769
171	70	-59.3121
172	70	-59.2603
173	70	-57.5563
174	70	-56.9496
175	70	-54.7006
176	70	-53.494
177	70	-50.989
178	70	-49.698
153	71	-38.41
155	71	-42.554
156	71	-43.75
157	71	-46.483
158	71	-47.214
159	71	-49.71
160	71	-50.27
161	71	-52.56
162	71	-52.84
163	71	-54.79
164	71	-54.64
165	71	-56.44
166	71	-56.02
167	71	-57.5
168	71	-57.06
169	71	-58.077
170	71	-57.31
171	71	-57.834
172	71	-56.741
173	71	-56.8858
174	71	-55.5753
175	71	-55.1707
176	71	-53.3874
177	71	-52.389
178	71	-50.343
179	71	-49.064
180	71	-46.69
156	72	-37.85
158	72	-42.104
159	72	-42.854
160	72	-45.937
161	72	-46.319
162	72	-49.173
163	72	-49.29
164	72	-51.822
165	72	-51.64
166	72	-53.86
167	72	-53.47
168	72	-55.36
169	72	-54.72
170	72	-56.25
171	72	-55.43
172	72	-56.404
173	72	-55.41
174	72	-55.847
175	72	-54.484
176	72	-54.5775
177	72	-52.8896
178	72	-52.4443
179	72	-50.4719
180	72	-49.7884
181	72	-47.4119
182	72	-46.059
183	72	-43.29
184	72	-41.5
157	73	-29.63
159	73	-34.448
160	73	-35.88
162	73	-39.78
163	73	-42.54
164	73	-43.28
165	73	-45.855
166	73	-46.1
167	73	-48.35
168	73	-48.39
169	73	-50.29
170	73	-50.14
171	73	-51.72
172	73	-51.33
173	73	-52.4
174	73	-51.74
175	73	-52.41
176	73	-51.37
177	73	-51.724
178	73	-50.507
179	73	-50.3663
180	73	-48.9362
181	73	-48.4416
182	73	-46.4333
183	73	-45.2961
184	73	-42.84
185	73	-41.396
186	73	-38.61
160	74	-29.36
162	74	-34.002
163	74	-34.91
164	74	-38.234
165	74	-38.862
166	74	-41.892
167	74	-42.089
168	74	-44.89
169	74	-44.918
170	74	-47.293
171	74	-47.09
172	74	-49.1
173	74	-48.73
174	74	-50.23
175	74	-49.63
176	74	-50.64
177	74	-49.7
178	74	-50.416
179	74	-49.304
180	74	-49.644
181	74	-48.254
182	74	-48.2475
183	74	-46.367
184	74	-45.7073
185	74	-43.3897
186	74	-42.5095
187	74	-39.9048
188	74	-38.667
189	74	-35.48
190	74	-34.3
161	75	-20.88
163	75	-26.007
165	75	-30.66
168	75	-35.79
169	75	-38.39
170	75	-38.92
171	75	-41.25
172	75	-41.52
173	75	-43.55
174	75	-43.67
175	75	-45.29
176	75	-45.06
177	75	-46.27
178	75	-45.65
179	75	-46.586
180	75	-45.84
181	75	-46.511
182	75	-45.45
183	75	-45.811
184	75	-44.227
185	75	-43.8222
186	75	-41.9302
187	75	-41.2157
188	75	-39.0162
189	75	-37.978
190	75	-35.57
191	75	-34.349
164	76	-20.46
166	76	-25.438
167	76	-26.5
168	76	-29.991
169	76	-30.721
170	76	-33.928
171	76	-34.293
172	76	-37.238
173	76	-37.438
174	76	-39.996
175	76	-40.105
176	76	-42.1
177	76	-41.95
178	76	-43.546
179	76	-43.02
180	76	-44.359
181	76	-43.55
182	76	-44.609
183	76	-43.66
184	76	-44.2561
185	76	-42.8094
186	76	-42.9995
187	76	-41.2182
188	76	-41.1364
189	76	-38.9854
190	76	-38.7063
191	76	-36.3937
192	76	-35.881
193	76	-33.393
194	76	-32.433
195	76	-29.7
196	76	-28.28
167	77	-17.079
169	77	-22.08
171	77	-26.43
173	77	-30.272
174	77	-30.87
175	77	-33.429
176	77	-33.861
177	77	-36.047
178	77	-36.252
179	77	-38.077
180	77	-37.978
181	77	-39.47
182	77	-39.052
183	77	-40.197
184	77	-39.61
185	77	-40.34
186	77	-39.173
187	77	-39.716
188	77	-38.328
189	77	-38.453
190	77	-36.7512
191	77	-36.7064
192	77	-34.8332
193	77	-34.5338
194	77	-32.5293
195	77	-31.6898
196	77	-29.44
197	77	-28.268
199	77	-24.4
168	78	-11.04
170	78	-16.306
171	78	-17.47
172	78	-21.101
173	78	-21.94
174	78	-25.319
175	78	-25.69
176	78	-28.928
177	78	-29.37
178	78	-31.998
179	78	-32.264
180	78	-34.436
181	78	-34.375
182	78	-36.169
183	78	-35.772
184	78	-37.332
185	78	-36.68
186	78	-37.864
187	78	-36.71
188	78	-37.823
189	78	-36.483
190	78	-37.323
191	78	-35.698
192	78	-36.2929
193	78	-34.477
194	78	-34.7631
195	78	-32.7968
196	78	-32.6474
197	78	-30.4224
198	78	-29.908
199	78	-27.392
200	78	-26.603
201	78	-23.74
171	79	-7.56
173	79	-12.82
175	79	-17.44
177	79	-21.55
178	79	-22.33
179	79	-24.952
180	79	-25.596
181	79	-27.871
182	79	-28.301
183	79	-30.187
184	79	-30.319
185	79	-31.87
186	79	-31.715
187	79	-33.005
188	79	-32.301
189	79	-33.582
190	79	-32.881
191	79	-33.81
192	79	-32.777
193	79	-33.394
194	79	-32.262
195	79	-32.57
196	79	-31.14
197	79	-31.1411
198	79	-29.5821
199	79	-29.095
200	79	-27.27
201	79	-26.401
202	79	-24.4
203	79	-23.143
172	80	-1.09
174	80	-6.647
175	80	-7.99
176	80	-11.779
177	80	-12.78
178	80	-16.317
179	80	-16.92
180	80	-20.245
181	80	-20.661
182	80	-23.576
183	80	-23.8
184	80	-26.349
185	80	-26.176
186	80	-28.539
187	80	-28.118
188	80	-30.202
189	80	-29.63
190	80	-31.37
191	80	-30.593
192	80	-32.011
193	80	-31.051
194	80	-32.193
195	80	-31
196	80	-31.827
197	80	-30.541
198	80	-30.9544
199	80	-29.5471
200	80	-29.5041
201	80	-27.6633
202	80	-27.3459
203	80	-25.2691
204	80	-24.6902
205	80	-22.287
206	80	-20.946
207	80	-16.22
177	81	-3.328
179	81	-8.3
181	81	-12.801
182	81	-13.35
183	81	-16.587
184	81	-16.89
185	81	-19.76
186	81	-20.19
187	81	-22.444
188	81	-22.35
189	81	-24.602
190	81	-24.33
191	81	-26.281
192	81	-25.87
193	81	-27.32
194	81	-26.83
195	81	-28.155
196	81	-27.497
197	81	-28.341
198	81	-27.49
199	81	-28.06
200	81	-27.048
201	81	-27.182
202	81	-25.983
203	81	-25.7612
204	81	-24.346
205	81	-23.8206
206	81	-22.2531
207	81	-21.034
208	81	-16.7495
209	81	-13.638
210	81	-9.246
178	82	3.568
180	82	-1.939
181	82	-3.14
182	82	-6.826
183	82	-7.57
184	82	-11.045
185	82	-11.541
186	82	-14.681
187	82	-14.98
188	82	-17.815
189	82	-17.88
190	82	-20.417
191	82	-20.25
192	82	-22.556
193	82	-22.19
194	82	-24.208
195	82	-23.714
196	82	-25.361
197	82	-24.749
198	82	-26.05
199	82	-25.23
200	82	-26.243
201	82	-25.258
202	82	-25.934
203	82	-24.787
204	82	-25.1097
205	82	-23.7701
206	82	-23.7854
207	82	-22.4519
208	82	-21.7485
209	82	-17.6144
210	82	-14.7283
211	82	-10.491
212	82	-7.5474
213	82	-3.184
214	82	-0.1813
186	83	-3.17
187	83	-6.373
188	83	-7.2
189	83	-10.06
190	83	-10.9
191	83	-13.24
192	83	-13.55
193	83	-15.873
194	83	-15.99
195	83	-18.024
196	83	-18.009
197	83	-19.688
198	83	-19.37
199	83	-20.798
200	83	-20.37
201	83	-21.416
202	83	-20.733
203	83	-21.54
204	83	-20.67
205	83	-21.062
206	83	-20.028
207	83	-20.0544
208	83	-18.87
209	83	-18.2585
210	83	-14.7918
211	83	-11.858
212	83	-8.1173
213	83	-5.231
214	83	-1.2
215	83	1.649
216	83	5.874
188	84	-0.538
189	84	-1.415
190	84	-4.563
191	84	-5.054
192	84	-8.071
193	84	-8.36
194	84	-11.005
195	84	-11.07
196	84	-13.474
197	84	-13.36
198	84	-15.473
199	84	-15.215
200	84	-16.954
201	84	-16.525
202	84	-17.924
203	84	-17.31
204	84	-18.334
205	84	-17.509
206	84	-18.182
207	84	-17.146
208	84	-17.4695
209	84	-16.3659
210	84	-15.9531
211	84	-12.4325
212	84	-10.3694
213	84	-6.653
214	84	-4.4699
215	84	-0.5403
216	84	1.7838
217	84	5.901
218	84	8.3583
193	85	-0.15
194	85	-1.19
195	85	-3.476
196	85	-3.92
197	85	-6.34
198	85	-6.67
199	85	-8.82
200	85	-8.988
201	85	-10.789
202	85	-10.59
203	85	-12.163
204	85	-11.875
205	85	-12.972
206	85	-12.42
207	85	-13.243
208	85	-12.49
209	85	-12.88
210	85	-11.972
211	85	-11.647
212	85	-8.621
213	85	-6.579
214	85	-3.38
215	85	-1.255
216	85	2.257
217	85	4.396
218	85	8.099
219	85	10.397
220	85	14.35
195	86	5.07
196	86	1.97
197	86	1.48
198	86	-1.231
199	86	-1.52
200	86	-4.006
201	86	-4.07
202	86	-6.275
203	86	-6.16
204	86	-7.984
205	86	-7.71
206	86	-9.116
207	86	-8.63
208	86	-9.648
209	86	-8.929
210	86	-9.598
211	86	-8.756
212	86	-8.66
213	86	-5.698
214	86	-4.32
215	86	-1.169
216	86	0.256
217	86	3.659
218	86	5.2175
219	86	8.8308
220	86	10.6134
221	86	14.472
222	86	16.3736
199	87	6.76
200	87	6.12
201	87	3.6
202	87	3.14
203	87	0.861
204	87	0.608
205	87	-1.31
206	87	-1.24
207	87	-2.84
208	87	-2.67
209	87	-3.769
210	87	-3.346
211	87	-4.158
212	87	-3.54
213	87	-3.55
214	87	-0.958
215	87	0.318
216	87	2.979
217	87	4.315
218	87	7.059
219	87	8.618
220	87	11.483
221	87	13.278
222	87	16.349
223	87	18.3838
224	87	21.66
225	87	23.81
226	87	27.37
227	87	29.65
229	87	35.82
202	88	9.21
203	88	8.64
204	88	6.054
205	88	5.84
206	88	3.565
207	88	3.54
208	88	1.714
209	88	1.85
210	88	0.461
211	88	0.84
212	88	-0.191
213	88	0.358
214	88	0.101
215	88	2.534
216	88	3.291
217	88	5.887
218	88	6.651
219	88	9.394
220	88	10.273
221	88	12.964
222	88	14.321
223	88	17.2347
224	88	18.8272
225	88	21.994
226	88	23.6691
227	88	27.179
228	88	28.9418
229	88	32.563
230	88	34.518
206	89	13.51
207	89	11.13
208	89	10.76
209	89	8.84
210	89	8.79
211	89	7.2
212	89	7.28
213	89	6.15
214	89	6.429
215	89	6.012
216	89	8.12
217	89	8.707
218	89	10.84
219	89	11.57
220	89	13.752
221	89	14.52
222	89	16.621
223	89	17.826
224	89	20.235
225	89	21.638
226	89	24.31
227	89	25.8509
228	89	28.896
229	89	30.75
230	89	33.8
231	89	35.92
232	89	39.15
209	90	16.5
210	90	14.043
211	90	13.91
212	90	12.091
213	90	12.12
214	90	10.712
215	90	10.93
216	90	10.304
217	90	12.216
218	90	12.374
219	90	14.47
220	90	14.669
221	90	16.938
222	90	17.203
223	90	19.386
224	90	19.996
225	90	22.31
226	90	23.197
227	90	25.8062
228	90	26.7722
229	90	29.587
230	90	30.864
231	90	33.8173
232	90	35.4483
233	90	38.7332
234	90	40.614
235	90	44.26
212	91	21.61
213	91	19.66
214	91	19.49
215	91	17.87
216	91	17.8
217	91	17.07
218	91	18.669
219	91	18.52
220	91	20.38
221	91	20.38
223	91	22.32
224	91	23.87
225	91	24.34
226	91	26.033
227	91	26.832
228	91	28.924
229	91	29.898
230	91	32.175
231	91	33.4257
232	91	35.948
233	91	37.4901
234	91	40.341
235	91	42.33
236	91	45.35
237	91	47.64
238	91	50.77
217	92	22.7
218	92	21.92
219	92	23.21
223	92	25.84
224	92	25.714
225	92	27.377
226	92	27.329
227	92	29.022
228	92	29.225
229	92	31.211
230	92	31.615
231	92	33.807
232	92	34.6107
233	92	36.92
234	92	38.1466
235	92	40.9205
236	92	42.4463
237	92	45.3919
238	92	47.3089
239	92	50.5739
240	92	52.715
225	93	31.59
227	93	32.56
229	93	33.78
230	93	35.24
231	93	35.63
233	93	37.95
234	93	39.956
235	93	41.0447
236	93	43.38
237	93	44.8733
238	93	47.4563
239	93	49.3124
240	93	52.315
241	93	54.26
242	93	57.42
228	94	36.09
229	94	37.4
230	94	36.934
231	94	38.29
232	94	38.366
233	94	40.05
234	94	40.35
235	94	42.184
236	94	42.9027
237	94	45.0933
238	94	46.1647
239	94	48.5899
240	94	50.127
241	94	52.9568
242	94	54.7184
243	94	57.756
244	94	59.806
245	94	63.106
246	94	65.395
238	95	48.42
239	95	49.392
240	95	51.512
241	95	52.936
242	95	55.4697
243	95	57.1761
244	95	59.881
245	95	61.9
246	95	64.995
233	96	47.29
234	96	46.724
238	96	49.4
240	96	51.7254
241	96	53.7034
242	96	54.8052
243	96	57.1836
244	96	58.4537
245	96	61.0047
246	96	62.6184
247	96	65.534
248	96	67.392
249	96	70.75
250	96	72.989
251	96	76.648
243	97	58.691
244	97	60.716
245	97	61.8154
246	97	63.97
247	97	65.491
249	97	69.85
250	97	72.951
251	97	75.228
242	98	59.34
244	98	61.479
245	98	63.387
246	98	64.0917
247	98	66.137
248	98	67.24
249	98	69.7256
250	98	71.1718
251	98	74.135
252	98	76.034
253	98	79.301
254	98	81.341
251	99	74.512
252	99	77.29
253	99	79.014
254	99	81.992
255	99	84.089
246	100	70.14
248	100	71.906
250	100	74.074
251	100	75.987
252	100	76.817
253	100	79.35
254	100	80.904
255	100	83.799
256	100	85.486
257	100	88.589
255	101	84.843
256	101	87.62
257	101	88.996
258	101	91.688
252	102	82.881
254	102	84.724
255	102	86.854
256	102	87.824
257	102	90.241
256	104	94.236
261	104	101.32
260	106	106.58
265	106	112.82
264	108	119.6
